 k size = 115
0.1	0.0146378
0.15	0.0292586
0.2	0.0438455
0.25	0.0583818
0.3	0.0728505
0.35	0.0872349
0.4	0.101519
0.45	0.115685
0.5	0.129718
0.55	0.143601
0.6	0.157318
0.65	0.170855
0.7	0.184194
0.75	0.197322
0.8	0.210223
0.85	0.222883
0.9	0.235287
0.95	0.247422
1	0.259275
1.05	0.270831
1.1	0.282078
1.15	0.293005
1.2	0.303599
1.25	0.313848
1.3	0.323743
1.35	0.333271
1.4	0.342425
1.45	0.351193
1.5	0.359567
1.55	0.36754
1.6	0.375102
1.65	0.382246
1.7	0.388967
1.75	0.395257
1.8	0.401111
1.85	0.406525
1.9	0.411493
1.95	0.416012
2	0.420079
2.05	0.423691
2.1	0.426846
2.15	0.429543
2.2	0.431781
2.25	0.43356
2.3	0.434879
2.35	0.435741
2.4	0.436147
2.45	0.436098
2.5	0.435599
2.55	0.434651
2.6	0.43326
2.65	0.431429
2.7	0.429164
2.75	0.42647
2.8	0.423354
2.85	0.419821
2.9	0.41588
2.95	0.411539
3	0.406804
3.05	0.401686
3.1	0.396193
3.15	0.390335
3.2	0.384121
3.25	0.377563
3.3	0.370671
3.35	0.363457
3.4	0.355932
3.45	0.348108
3.5	0.339997
3.55	0.331613
3.6	0.322967
3.65	0.314074
3.7	0.304946
3.75	0.295598
3.8	0.286043
3.85	0.276295
3.9	0.266369
3.95	0.256279
4	0.246039
4.05	0.235665
4.1	0.22517
4.15	0.214571
4.2	0.203881
4.25	0.193115
4.3	0.182289
4.35	0.171417
4.4	0.160513
4.45	0.149594
4.5	0.138672
4.55	0.127764
4.6	0.116883
4.65	0.106043
4.7	0.0952585
4.75	0.0845438
4.8	0.0739122
4.85	0.0633772
4.9	0.0529521
4.95	0.0426498
5	0.0324829
5.05	0.022464
5.1	0.012605
5.15	0.00291767
5.2	-0.00658655
5.25	-0.0158966
5.3	-0.0250019
5.35	-0.0338921
5.4	-0.0425574
5.45	-0.0509882
5.5	-0.0591755
5.55	-0.0671107
5.6	-0.0747857
5.65	-0.0821927
5.7	-0.0893244
5.75	-0.0961741
5.8	-0.102735
5.85	-0.109003
5.9	-0.11497
5.95	-0.120633
6	-0.125988
6.05	-0.13103
6.1	-0.135756
6.15	-0.140163
6.2	-0.144249
6.25	-0.148012
6.3	-0.151451
6.35	-0.154565
6.4	-0.157353
6.45	-0.159816
6.5	-0.161954
6.55	-0.163768
6.6	-0.165261
6.65	-0.166433
6.7	-0.167289
6.75	-0.16783
6.8	-0.16806
6.85	-0.167984
6.9	-0.167605
6.95	-0.166928
7	-0.165959
7.05	-0.164703
7.1	-0.163166
7.15	-0.161354
7.2	-0.159275
7.25	-0.156935
7.3	-0.154341
7.35	-0.151502
7.4	-0.148426
7.45	-0.14512
7.5	-0.141594
7.55	-0.137856
7.6	-0.133916
7.65	-0.129783
7.7	-0.125466
7.75	-0.120975
7.8	-0.116321
7.85	-0.111513
7.9	-0.106562
7.95	-0.101478
8	-0.096271
8.05	-0.0909524
8.1	-0.0855325
8.15	-0.0800223
8.2	-0.0744322
8.25	-0.0687733
8.3	-0.0630561
8.35	-0.0572916
8.4	-0.0514903
8.45	-0.0456631
8.5	-0.0398205
8.55	-0.0339731
8.6	-0.0281312
8.65	-0.0223053
8.7	-0.0165054
8.75	-0.0107416
8.8	-0.00502382
8.85	0.00063831
8.9	0.00623527
8.95	0.0117578
9	0.0171968
9.05	0.0225434
9.1	0.0277891
9.15	0.0329256
9.2	0.0379447
9.25	0.0428387
9.3	0.0476002
9.35	0.0522219
9.4	0.056697
9.45	0.0610189
9.5	0.0651814
9.55	0.0691787
9.6	0.0730053
9.65	0.0766558
9.7	0.0801256
9.75	0.0834102
9.8	0.0865054
9.85	0.0894075
9.9	0.0921132
9.95	0.0946196
10	0.096924
10.05	0.0990242
10.1	0.100918
10.15	0.102605
10.2	0.104083
10.25	0.105352
10.3	0.106411
10.35	0.107261
10.4	0.107902
10.45	0.108335
10.5	0.10856
10.55	0.10858
10.6	0.108396
10.65	0.10801
10.7	0.107426
10.75	0.106646
10.8	0.105672
10.85	0.10451
10.9	0.103162
10.95	0.101632
11	0.0999259
11.05	0.0980474
11.1	0.0960016
11.15	0.0937939
11.2	0.0914296
11.25	0.0889145
11.3	0.0862546
11.35	0.083456
11.4	0.080525
11.45	0.0774683
11.5	0.0742924
11.55	0.0710042
11.6	0.0676109
11.65	0.0641195
11.7	0.0605373
11.75	0.0568716
11.8	0.05313
11.85	0.04932
11.9	0.0454492
11.95	0.0415252
12	0.0375557
12.05	0.0335485
12.1	0.0295113
12.15	0.0254517
12.2	0.0213776
12.25	0.0172965
12.3	0.013216
12.35	0.00914383
12.4	0.00508734
12.45	0.00105395
12.5	-0.00294904
12.55	-0.00691443
12.6	-0.0108352
12.65	-0.0147043
12.7	-0.0185151
12.75	-0.0222608
12.8	-0.0259351
12.85	-0.0295317
12.9	-0.0330444
12.95	-0.0364674
13	-0.039795
13.05	-0.0430218
13.1	-0.0461424
13.15	-0.0491518
13.2	-0.0520454
13.25	-0.0548185
13.3	-0.057467
13.35	-0.0599867
13.4	-0.062374
13.45	-0.0646253
13.5	-0.0667375
13.55	-0.0687077
13.6	-0.0705331
13.65	-0.0722115
13.7	-0.0737408
13.75	-0.0751192
13.8	-0.0763452
13.85	-0.0774175
13.9	-0.0783354
13.95	-0.0790982
14	-0.0797055
14.05	-0.0801573
14.1	-0.0804539
14.15	-0.0805958
14.2	-0.0805838
14.25	-0.080419
14.3	-0.0801028
14.35	-0.0796368
14.4	-0.0790229
14.45	-0.0782633
14.5	-0.0773604
14.55	-0.0763169
14.6	-0.0751356
14.65	-0.0738198
14.7	-0.0723728
14.75	-0.0707982
14.8	-0.0690998
14.85	-0.0672817
14.9	-0.065348
14.95	-0.0633031
15	-0.0611516
15.05	-0.0588983
15.1	-0.056548
15.15	-0.0541058
15.2	-0.0515769
15.25	-0.0489666
15.3	-0.0462804
15.35	-0.0435237
15.4	-0.0407022
15.45	-0.0378217
15.5	-0.0348879
15.55	-0.0319066
15.6	-0.0288839
15.65	-0.0258256
15.7	-0.0227377
15.75	-0.0196262
15.8	-0.0164972
15.85	-0.0133565
15.9	-0.0102103
15.95	-0.0070644
16	-0.0039248
16.05	-0.000797345
16.1	0.00231214
16.15	0.0053979
16.2	0.00845429
16.25	0.0114757
16.3	0.0144567
16.35	0.0173919
16.4	0.020276
16.45	0.0231039
16.5	0.0258706
16.55	0.0285712
16.6	0.0312012
16.65	0.0337558
16.7	0.0362308
16.75	0.038622
16.8	0.0409253
16.85	0.043137
16.9	0.0452533
16.95	0.0472708
17	0.0491864
17.05	0.0509969
17.1	0.0526997
17.15	0.054292
17.2	0.0557716
17.25	0.0571362
17.3	0.0583841
17.35	0.0595133
17.4	0.0605227
17.45	0.0614108
17.5	0.0621767
17.55	0.0628197
17.6	0.0633392
17.65	0.063735
17.7	0.064007
17.75	0.0641553
17.8	0.0641805
17.85	0.064083
17.9	0.0638639
17.95	0.0635241
18	0.0630651
18.05	0.0624883
18.1	0.0617954
18.15	0.0609885
18.2	0.0600696
18.25	0.0590411
18.3	0.0579056
18.35	0.0566657
18.4	0.0553245
18.45	0.053885
18.5	0.0523504
18.55	0.0507241
18.6	0.0490098
18.65	0.0472112
18.7	0.045332
18.75	0.0433764
18.8	0.0413483
18.85	0.0392521
18.9	0.037092
18.95	0.0348726
19	0.0325982
19.05	0.0302736
19.1	0.0279034
19.15	0.0254922
19.2	0.023045
19.25	0.0205665
19.3	0.0180616
19.35	0.0155351
19.4	0.0129921
19.45	0.0104373
19.5	0.0078757
19.55	0.0053122
19.6	0.00275166
19.65	0.00019893
19.7	-0.00234119
19.75	-0.00486394
19.8	-0.00736463
19.85	-0.0098386
19.9	-0.0122813
19.95	-0.0146883
20	-0.0170551
20.05	-0.0193775
20.1	-0.0216513
20.15	-0.0238723
20.2	-0.0260367
20.25	-0.0281406
20.3	-0.0301804
20.35	-0.0321523
20.4	-0.0340531
20.45	-0.0358795
20.5	-0.0376284
20.55	-0.0392967
20.6	-0.0408818
20.65	-0.0423811
20.7	-0.043792
20.75	-0.0451123
20.8	-0.04634
20.85	-0.0474732
20.9	-0.0485101
20.95	-0.0494493
21	-0.0502895
21.05	-0.0510294
21.1	-0.0516682
21.15	-0.0522051
21.2	-0.0526396
21.25	-0.0529714
21.3	-0.0532002
21.35	-0.0533262
21.4	-0.0533496
21.45	-0.0532708
21.5	-0.0530904
21.55	-0.0528093
21.6	-0.0524285
21.65	-0.051949
21.7	-0.0513724
21.75	-0.0507001
21.8	-0.0499339
21.85	-0.0490756
21.9	-0.0481273
21.95	-0.0470913
22	-0.0459698
22.05	-0.0447655
22.1	-0.0434809
22.15	-0.0421189
22.2	-0.0406824
22.25	-0.0391745
22.3	-0.0375984
22.35	-0.0359574
22.4	-0.0342549
22.45	-0.0324944
22.5	-0.0306795
22.55	-0.028814
22.6	-0.0269015
22.65	-0.024946
22.7	-0.0229514
22.75	-0.0209216
22.8	-0.0188607
22.85	-0.0167727
22.9	-0.0146617
22.95	-0.0125319
23	-0.0103874
23.05	-0.00823223
23.1	-0.00607068
23.15	-0.00390687
23.2	-0.00174492
23.25	0.000411048
23.3	0.00255696
23.35	0.00468876
23.4	0.00680246
23.45	0.00889408
23.5	0.0109598
23.55	0.0129956
23.6	0.014998
23.65	0.0169631
23.7	0.0188874
23.75	0.0207675
23.8	0.0225998
23.85	0.0243811
23.9	0.0261082
23.95	0.0277781
24	0.0293878
24.05	0.0309345
24.1	0.0324154
24.15	0.0338281
24.2	0.0351702
24.25	0.0364393
24.3	0.0376333
24.35	0.0387503
24.4	0.0397885
24.45	0.0407461
24.5	0.0416217
24.55	0.042414
24.6	0.0431218
24.65	0.0437441
24.7	0.0442799
24.75	0.0447288
24.8	0.0450901
24.85	0.0453635
24.9	0.0455489
24.95	0.0456462
25	0.0456556
25.05	0.0455774
25.1	0.0454122
25.15	0.0451606
25.2	0.0448235
25.25	0.0444017
25.3	0.0438965
25.35	0.0433091
25.4	0.042641
25.45	0.0418938
25.5	0.0410692
25.55	0.0401691
25.6	0.0391954
25.65	0.0381505
25.7	0.0370364
25.75	0.0358557
25.8	0.0346108
25.85	0.0333044
25.9	0.0319392
25.95	0.0305179
26	0.0290437
26.05	0.0275194
26.1	0.0259482
26.15	0.0243332
26.2	0.0226778
26.25	0.0209852
26.3	0.0192587
26.35	0.017502
26.4	0.0157183
26.45	0.0139112
26.5	0.0120842
26.55	0.010241
26.6	0.00838512
26.65	0.00652009
26.7	0.00464956
26.75	0.00277712
26.8	0.000906349
26.85	-0.00095918
26.9	-0.00281592
26.95	-0.00466036
27	-0.00648901
27.05	-0.00829844
27.1	-0.0100853
27.15	-0.0118461
27.2	-0.0135778
27.25	-0.0152771
27.3	-0.0169408
27.35	-0.0185659
27.4	-0.0201494
27.45	-0.0216886
27.5	-0.0231804
27.55	-0.0246224
27.6	-0.0260119
27.65	-0.0273465
27.7	-0.0286238
27.75	-0.0298415
27.8	-0.0309976
27.85	-0.0320901
27.9	-0.033117
27.95	-0.0340767
28	-0.0349676
28.05	-0.0357882
28.1	-0.0365372
28.15	-0.0372135
28.2	-0.0378159
28.25	-0.0383436
28.3	-0.0387958
28.35	-0.039172
28.4	-0.0394717
28.45	-0.0396946
28.5	-0.0398405
28.55	-0.0399094
28.6	-0.0399015
28.65	-0.039817
28.7	-0.0396565
28.75	-0.0394203
28.8	-0.0391093
28.85	-0.0387244
28.9	-0.0382664
28.95	-0.0377365
29	-0.0371361
29.05	-0.0364665
29.1	-0.0357291
29.15	-0.0349257
29.2	-0.034058
29.25	-0.0331279
29.3	-0.0321374
29.35	-0.0310886
29.4	-0.0299837
29.45	-0.0288249
29.5	-0.0276148
29.55	-0.0263557
29.6	-0.0250504
29.65	-0.0237013
29.7	-0.0223113
29.75	-0.0208831
29.8	-0.0194196
29.85	-0.0179238
29.9	-0.0163985
29.95	-0.0148469
30	-0.013272
30.05	-0.0116768
30.1	-0.0100645
30.15	-0.00843821
30.2	-0.00680114
30.25	-0.00515643
30.3	-0.00350725
30.35	-0.00185679
30.4	-0.000208191
30.45	0.00143538
30.5	0.0030708
30.55	0.00469496
30.6	0.00630478
30.65	0.00789724
30.7	0.00946934
30.75	0.0110181
30.8	0.0125407
30.85	0.0140343
30.9	0.0154961
30.95	0.0169234
31	0.0183135
31.05	0.0196641
31.1	0.0209725
31.15	0.0222364
31.2	0.0234535
31.25	0.0246217
31.3	0.0257389
31.35	0.0268031
31.4	0.0278124
31.45	0.0287651
31.5	0.0296595
31.55	0.0304941
31.6	0.0312674
31.65	0.0319783
31.7	0.0326255
31.75	0.033208
31.8	0.0337249
31.85	0.0341753
31.9	0.0345588
31.95	0.0348746
32	0.0351224
32.05	0.035302
32.1	0.0354132
32.15	0.0354561
32.2	0.0354307
32.25	0.0353373
32.3	0.0351764
32.35	0.0349483
32.4	0.0346539
32.45	0.0342937
32.5	0.0338688
32.55	0.0333801
32.6	0.0328289
32.65	0.0322162
32.7	0.0315435
32.75	0.0308123
32.8	0.0300241
32.85	0.0291806
32.9	0.0282836
32.95	0.0273351
33	0.0263368
33.05	0.025291
33.1	0.0241998
33.15	0.0230654
33.2	0.0218901
33.25	0.0206762
33.3	0.0194263
33.35	0.0181428
33.4	0.0168283
33.45	0.0154854
33.5	0.0141168
33.55	0.0127251
33.6	0.0113131
33.65	0.00988363
33.7	0.00843938
33.75	0.00698319
33.8	0.0055179
33.85	0.00404634
33.9	0.00257135
33.95	0.00109577
34	-0.00037757
34.05	-0.00184585
34.1	-0.00330627
34.15	-0.00475605
34.2	-0.00619245
34.25	-0.00761275
34.3	-0.00901427
34.35	-0.0103944
34.4	-0.0117505
34.45	-0.0130801
34.5	-0.0143807
34.55	-0.0156499
34.6	-0.0168853
34.65	-0.0180848
34.7	-0.019246
34.75	-0.0203668
34.8	-0.0214453
34.85	-0.0224795
34.9	-0.0234675
34.95	-0.0244076
35	-0.0252981
35.05	-0.0261374
35.1	-0.0269241
35.15	-0.0276568
35.2	-0.0283342
35.25	-0.0289553
35.3	-0.0295189
35.35	-0.0300243
35.4	-0.0304704
35.45	-0.0308568
35.5	-0.0311827
35.55	-0.0314478
35.6	-0.0316517
35.65	-0.0317942
35.7	-0.0318752
35.75	-0.0318947
35.8	-0.0318528
35.85	-0.0317498
35.9	-0.0315861
35.95	-0.0313621
36	-0.0310785
36.05	-0.0307358
36.1	-0.0303351
36.15	-0.0298772
36.2	-0.029363
36.25	-0.0287939
36.3	-0.028171
36.35	-0.0274956
36.4	-0.0267693
36.45	-0.0259935
36.5	-0.0251698
36.55	-0.0243
36.6	-0.0233859
36.65	-0.0224293
36.7	-0.0214322
36.75	-0.0203966
36.8	-0.0193246
36.85	-0.0182184
36.9	-0.0170802
36.95	-0.0159122
37	-0.0147168
37.05	-0.0134963
37.1	-0.0122531
37.15	-0.0109898
37.2	-0.00970873
37.25	-0.00841243
37.3	-0.00710344
37.35	-0.00578431
37.4	-0.00445758
37.45	-0.00312583
37.5	-0.00179163
37.55	-0.000457541
37.6	0.000873876
37.65	0.00220007
37.7	0.00351851
37.75	0.00482669
37.8	0.00612213
37.85	0.00740236
37.9	0.00866498
37.95	0.00990761
38	0.0111279
38.05	0.0123236
38.1	0.0134925
38.15	0.0146323
38.2	0.015741
38.25	0.0168166
38.3	0.017857
38.35	0.0188603
38.4	0.0198248
38.45	0.0207486
38.5	0.0216302
38.55	0.0224678
38.6	0.0232601
38.65	0.0240056
38.7	0.024703
38.75	0.0253511
38.8	0.0259488
38.85	0.026495
38.9	0.0269889
38.95	0.0274296
39	0.0278164
39.05	0.0281488
39.1	0.0284261
39.15	0.0286481
39.2	0.0288144
39.25	0.0289249
39.3	0.0289795
39.35	0.0289782
39.4	0.0289212
39.45	0.0288087
39.5	0.0286411
39.55	0.0284189
39.6	0.0281425
39.65	0.0278127
39.7	0.0274303
39.75	0.0269961
39.8	0.026511
39.85	0.0259762
39.9	0.0253928
39.95	0.0247619
40	0.0240851
40.05	0.0233636
40.1	0.022599
40.15	0.0217928
40.2	0.0209467
40.25	0.0200624
40.3	0.0191418
40.35	0.0181866
40.4	0.0171988
40.45	0.0161804
40.5	0.0151333
40.55	0.0140598
40.6	0.0129618
40.65	0.0118416
40.7	0.0107014
40.75	0.00954344
40.8	0.00836994
40.85	0.00718322
40.9	0.00598559
40.95	0.00477937
41	0.00356691
41.05	0.00235054
41.1	0.00113261
41.15	-8.453e-05
41.2	-0.00129855
41.25	-0.00250713
41.3	-0.00370795
41.35	-0.00489874
41.4	-0.00607722
41.45	-0.00724116
41.5	-0.00838837
41.55	-0.00951668
41.6	-0.010624
41.65	-0.0117082
41.7	-0.0127672
41.75	-0.0137992
41.8	-0.0148021
41.85	-0.0157742
41.9	-0.0167136
41.95	-0.0176186
42	-0.0184876
42.05	-0.0193189
42.1	-0.0201111
42.15	-0.0208627
42.2	-0.0215724
42.25	-0.022239
42.3	-0.0228611
42.35	-0.0234379
42.4	-0.0239681
42.45	-0.024451
42.5	-0.0248858
42.55	-0.0252716
42.6	-0.0256079
42.65	-0.0258942
42.7	-0.0261299
42.75	-0.0263149
42.8	-0.0264488
42.85	-0.0265315
42.9	-0.0265629
42.95	-0.0265432
43	-0.0264725
43.05	-0.026351
43.1	-0.026179
43.15	-0.0259572
43.2	-0.0256859
43.25	-0.0253658
43.3	-0.0249976
43.35	-0.0245822
43.4	-0.0241205
43.45	-0.0236134
43.5	-0.0230621
43.55	-0.0224676
43.6	-0.0218313
43.65	-0.0211545
43.7	-0.0204385
43.75	-0.0196848
43.8	-0.018895
43.85	-0.0180706
43.9	-0.0172133
43.95	-0.0163249
44	-0.015407
44.05	-0.0144617
44.1	-0.0134906
44.15	-0.0124958
44.2	-0.0114792
44.25	-0.0104428
44.3	-0.00938864
44.35	-0.00831881
44.4	-0.00723539
44.45	-0.00614048
44.5	-0.00503623
44.55	-0.00392476
44.6	-0.00280824
44.65	-0.00168882
44.7	-0.00056866
44.75	0.000550092
44.8	0.00166528
44.85	0.00277478
44.9	0.00387647
44.95	0.00496824
45	0.00604803
45.05	0.00711378
45.1	0.00816347
45.15	0.00919513
45.2	0.0102068
45.25	0.0111966
45.3	0.0121627
45.35	0.0131032
45.4	0.0140165
45.45	0.0149007
45.5	0.0157544
45.55	0.0165758
45.6	0.0173636
45.65	0.0181162
45.7	0.0188323
45.75	0.0195106
45.8	0.0201498
45.85	0.0207489
45.9	0.0213068
45.95	0.0218225
46	0.022295
46.05	0.0227236
46.1	0.0231075
46.15	0.0234462
46.2	0.023739
46.25	0.0239854
46.3	0.0241852
46.35	0.024338
46.4	0.0244437
46.45	0.024502
46.5	0.0245131
46.55	0.024477
46.6	0.0243939
46.65	0.024264
46.7	0.0240877
46.75	0.0238654
46.8	0.0235977
46.85	0.0232851
46.9	0.0229284
46.95	0.0225283
47	0.0220857
47.05	0.0216015
47.1	0.0210769
47.15	0.0205127
47.2	0.0199103
47.25	0.0192708
47.3	0.0185956
47.35	0.017886
47.4	0.0171436
47.45	0.0163696
47.5	0.0155659
47.55	0.0147338
47.6	0.0138752
47.65	0.0129916
47.7	0.0120849
47.75	0.0111568
47.8	0.0102092
47.85	0.00924397
47.9	0.00826294
47.95	0.00726805
48	0.00626125
48.05	0.00524449
48.1	0.00421976
48.15	0.00318903
48.2	0.00215431
48.25	0.00111759
48.3	8.08705e-05
48.35	-0.000953861
48.4	-0.00198462
48.45	-0.00300942
48.5	-0.00402632
48.55	-0.00503338
48.6	-0.00602867
48.65	-0.00701031
48.7	-0.00797644
48.75	-0.00892523
48.8	-0.0098549
48.85	-0.0107637
48.9	-0.0116499
48.95	-0.0125119
49	-0.013348
49.05	-0.0141568
49.1	-0.0149366
49.15	-0.0156861
49.2	-0.0164039
49.25	-0.0170887
49.3	-0.0177391
49.35	-0.0183541
49.4	-0.0189326
49.45	-0.0194734
49.5	-0.0199756
49.55	-0.0204384
49.6	-0.0208609
49.65	-0.0212424
49.7	-0.0215823
49.75	-0.0218799
49.8	-0.0221348
49.85	-0.0223466
49.9	-0.0225149
49.95	-0.0226396
50	-0.0227205
50.05	-0.0227574
50.1	-0.0227505
50.15	-0.0226998
50.2	-0.0226055
50.25	-0.0224678
50.3	-0.0222872
50.35	-0.0220641
50.4	-0.0217989
50.45	-0.0214923
50.5	-0.0211449
50.55	-0.0207576
50.6	-0.020331
50.65	-0.0198661
50.7	-0.0193639
50.75	-0.0188254
50.8	-0.0182518
50.85	-0.0176441
50.9	-0.0170037
50.95	-0.0163318
51	-0.0156298
51.05	-0.014899
51.1	-0.014141
51.15	-0.0133573
51.2	-0.0125494
51.25	-0.0117189
51.3	-0.0108675
51.35	-0.00999683
51.4	-0.0091086
51.45	-0.00820457
51.5	-0.00728649
51.55	-0.00635617
51.6	-0.00541543
51.65	-0.00446607
51.7	-0.00350996
51.75	-0.00254895
51.8	-0.00158488
51.85	-0.000619621
51.9	0.000344968
51.95	0.00130703
52	0.00226473
52.05	0.00321623
52.1	0.00415971
52.15	0.00509336
52.2	0.00601543
52.25	0.00692414
52.3	0.00781779
52.35	0.00869468
52.4	0.00955315
52.45	0.0103916
52.5	0.0112084
52.55	0.0120021
52.6	0.0127712
52.65	0.0135143
52.7	0.0142299
52.75	0.0149167
52.8	0.0155736
52.85	0.0161992
52.9	0.0167924
52.95	0.0173522
53	0.0178776
53.05	0.0183675
53.1	0.0188211
53.15	0.0192377
53.2	0.0196164
53.25	0.0199566
53.3	0.0202578
53.35	0.0205195
53.4	0.0207411
53.45	0.0209224
53.5	0.021063
53.55	0.0211629
53.6	0.0212218
53.65	0.0212397
53.7	0.0212167
53.75	0.021153
53.8	0.0210486
53.85	0.0209038
53.9	0.0207191
53.95	0.0204949
54	0.0202316
54.05	0.0199299
54.1	0.0195903
54.15	0.0192136
54.2	0.0188007
54.25	0.0183523
54.3	0.0178694
54.35	0.017353
54.4	0.0168041
54.45	0.0162239
54.5	0.0156135
54.55	0.0149742
54.6	0.0143072
54.65	0.0136139
54.7	0.0128956
54.75	0.0121538
54.8	0.01139
54.85	0.0106057
54.9	0.00980231
54.95	0.00898156
55	0.008145
55.05	0.00729429
55.1	0.00643107
55.15	0.00555704
55.2	0.0046739
55.25	0.00378335
55.3	0.00288713
55.35	0.00198698
55.4	0.00108462
55.45	0.000181805
55.5	-0.000719732
55.55	-0.00161826
55.6	-0.00251205
55.65	-0.0033994
55.7	-0.00427861
55.75	-0.005148
55.8	-0.00600592
55.85	-0.00685074
55.9	-0.00768086
55.95	-0.0084947
56	-0.00929073
56.05	-0.0100674
56.1	-0.0108234
56.15	-0.0115572
56.2	-0.0122674
56.25	-0.0129527
56.3	-0.0136118
56.35	-0.0142436
56.4	-0.0148468
56.45	-0.0154204
56.5	-0.0159633
56.55	-0.0164744
56.6	-0.016953
56.65	-0.017398
56.7	-0.0178088
56.75	-0.0181845
56.8	-0.0185246
56.85	-0.0188284
56.9	-0.0190954
56.95	-0.0193252
57	-0.0195173
57.05	-0.0196716
57.1	-0.0197877
57.15	-0.0198654
57.2	-0.0199048
57.25	-0.0199058
57.3	-0.0198685
57.35	-0.019793
57.4	-0.0196794
57.45	-0.0195282
57.5	-0.0193397
57.55	-0.0191142
57.6	-0.0188523
57.65	-0.0185546
57.7	-0.0182217
57.75	-0.0178542
57.8	-0.017453
57.85	-0.0170189
57.9	-0.0165528
57.95	-0.0160556
58	-0.0155283
58.05	-0.0149721
58.1	-0.0143879
58.15	-0.0137771
58.2	-0.0131408
58.25	-0.0124803
58.3	-0.0117969
58.35	-0.0110919
58.4	-0.0103668
58.45	-0.00962295
58.5	-0.00886185
58.55	-0.00808499
58.6	-0.00729389
58.65	-0.00649009
58.7	-0.00567517
58.75	-0.0048507
58.8	-0.0040183
58.85	-0.00317957
58.9	-0.00233615
58.95	-0.00148966
59	-0.000641738
59.05	0.000205984
59.1	0.00105187
59.15	0.00189431
59.2	0.00273167
59.25	0.00356235
59.3	0.00438478
59.35	0.00519737
59.4	0.00599858
59.45	0.0067869
59.5	0.00756081
59.55	0.00831887
59.6	0.00905963
59.65	0.00978171
59.7	0.0104837
59.75	0.0111644
59.8	0.0118224
59.85	0.0124566
59.9	0.0130657
59.95	0.0136486
60	0.0142043
60.05	0.0147316
60.1	0.0152298
60.15	0.0156978
60.2	0.0161347
60.25	0.0165399
60.3	0.0169126
60.35	0.017252
60.4	0.0175577
60.45	0.017829
60.5	0.0180656
60.55	0.018267
60.6	0.0184329
60.65	0.018563
60.7	0.0186571
60.75	0.0187151
60.8	0.0187371
60.85	0.0187228
60.9	0.0186726
60.95	0.0185865
61	0.0184647
61.05	0.0183076
61.1	0.0181154
61.15	0.0178887
61.2	0.0176279
61.25	0.0173336
61.3	0.0170064
61.35	0.0166469
61.4	0.016256
61.45	0.0158344
61.5	0.015383
61.55	0.0149027
61.6	0.0143945
61.65	0.0138594
61.7	0.0132985
61.75	0.0127129
61.8	0.0121037
61.85	0.0114722
61.9	0.0108196
61.95	0.0101473
62	0.00945648
62.05	0.00874857
62.1	0.00802495
62.15	0.00728704
62.2	0.00653629
62.25	0.00577415
62.3	0.00500212
62.35	0.00422169
62.4	0.00343439
62.45	0.00264173
62.5	0.00184525
62.55	0.00104649
62.6	0.000246993
62.65	-0.000551702
62.7	-0.00134806
62.75	-0.00214055
62.8	-0.00292766
62.85	-0.00370787
62.9	-0.0044797
62.95	-0.00524168
63	-0.00599234
63.05	-0.00673028
63.1	-0.00745409
63.15	-0.00816238
63.2	-0.00885384
63.25	-0.00952715
63.3	-0.010181
63.35	-0.0108143
63.4	-0.0114257
63.45	-0.0120142
63.5	-0.0125786
63.55	-0.0131178
63.6	-0.013631
63.65	-0.0141171
63.7	-0.0145752
63.75	-0.0150046
63.8	-0.0154044
63.85	-0.0157738
63.9	-0.0161124
63.95	-0.0164193
64	-0.0166942
64.05	-0.0169364
64.1	-0.0171457
64.15	-0.0173216
64.2	-0.0174639
64.25	-0.0175723
64.3	-0.0176467
64.35	-0.017687
64.4	-0.0176932
64.45	-0.0176653
64.5	-0.0176034
64.55	-0.0175077
64.6	-0.0173784
64.65	-0.0172159
64.7	-0.0170204
64.75	-0.0167925
64.8	-0.0165325
64.85	-0.0162411
64.9	-0.0159189
64.95	-0.0155665
65	-0.0151847
65.05	-0.0147743
65.1	-0.0143359
65.15	-0.0138707
65.2	-0.0133795
65.25	-0.0128632
65.3	-0.0123229
65.35	-0.0117598
65.4	-0.0111748
65.45	-0.0105692
65.5	-0.00994424
65.55	-0.00930102
65.6	-0.00864088
65.65	-0.00796509
65.7	-0.007275
65.75	-0.00657194
65.8	-0.00585729
65.85	-0.00513244
65.9	-0.00439881
65.95	-0.00365782
66	-0.00291091
66.05	-0.00215952
66.1	-0.00140511
66.15	-0.000649139
66.2	0.000106944
66.25	0.000861678
66.3	0.00161361
66.35	0.00236131
66.4	0.00310332
66.45	0.00383825
66.5	0.00456467
66.55	0.00528121
66.6	0.0059865
66.65	0.00667919
66.7	0.00735799
66.75	0.00802159
66.8	0.00866875
66.85	0.00929824
66.9	0.00990887
66.95	0.0104995
67	0.011069
67.05	0.0116164
67.1	0.0121406
67.15	0.0126406
67.2	0.0131155
67.25	0.0135644
67.3	0.0139865
67.35	0.0143811
67.4	0.0147474
67.45	0.0150847
67.5	0.0153925
67.55	0.0156702
67.6	0.0159172
67.65	0.0161333
67.7	0.0163179
67.75	0.0164709
67.8	0.0165919
67.85	0.0166807
67.9	0.0167373
67.95	0.0167616
68	0.0167535
68.05	0.0167132
68.1	0.0166407
68.15	0.0165363
68.2	0.0164002
68.25	0.0162327
68.3	0.0160342
68.35	0.015805
68.4	0.0155458
68.45	0.015257
68.5	0.0149392
68.55	0.0145932
68.6	0.0142195
68.65	0.0138189
68.7	0.0133924
68.75	0.0129406
68.8	0.0124646
68.85	0.0119653
68.9	0.0114436
68.95	0.0109006
69	0.0103375
69.05	0.00975523
69.1	0.00915502
69.15	0.00853804
69.2	0.00790551
69.25	0.00725867
69.3	0.00659877
69.35	0.00592712
69.4	0.00524502
69.45	0.00455379
69.5	0.00385479
69.55	0.00314937
69.6	0.0024389
69.65	0.00172474
69.7	0.0010083
69.75	0.000290933
69.8	-0.000425962
69.85	-0.00114101
69.9	-0.00185284
69.95	-0.00256007
70	-0.00326137
70.05	-0.00395538
70.1	-0.00464078
70.15	-0.00531626
70.2	-0.00598054
70.25	-0.00663235
70.3	-0.00727046
70.35	-0.00789365
70.4	-0.00850075
70.45	-0.00909061
70.5	-0.00966212
70.55	-0.0102142
70.6	-0.0107458
70.65	-0.011256
70.7	-0.0117438
70.75	-0.0122082
70.8	-0.0126485
70.85	-0.0130638
70.9	-0.0134533
70.95	-0.0138164
71	-0.0141524
71.05	-0.0144606
71.1	-0.0147405
71.15	-0.0149916
71.2	-0.0152135
71.25	-0.0154058
71.3	-0.0155681
71.35	-0.0157002
71.4	-0.0158019
71.45	-0.0158729
71.5	-0.0159133
71.55	-0.015923
71.6	-0.015902
71.65	-0.0158504
71.7	-0.0157684
71.75	-0.0156561
71.8	-0.0155137
71.85	-0.0153417
71.9	-0.0151404
71.95	-0.0149101
72	-0.0146515
72.05	-0.014365
72.1	-0.0140512
72.15	-0.0137108
72.2	-0.0133445
72.25	-0.0129529
72.3	-0.012537
72.35	-0.0120974
72.4	-0.0116352
72.45	-0.0111512
72.5	-0.0106463
72.55	-0.0101217
72.6	-0.00957828
72.65	-0.00901715
72.7	-0.00843943
72.75	-0.00784624
72.8	-0.00723875
72.85	-0.00661815
72.9	-0.00598565
72.95	-0.00534248
73	-0.00468991
73.05	-0.00402919
73.1	-0.00336162
73.15	-0.00268848
73.2	-0.00201108
73.25	-0.00133074
73.3	-0.000648756
73.35	3.3544e-05
73.4	0.000714849
73.45	0.00139385
73.5	0.00206924
73.55	0.00273972
73.6	0.00340402
73.65	0.00406085
73.7	0.00470897
73.75	0.00534714
73.8	0.00597414
73.85	0.00658878
73.9	0.00718989
73.95	0.00777634
74	0.00834702
74.05	0.00890084
74.1	0.00943677
74.15	0.00995379
74.2	0.0104509
74.25	0.0109273
74.3	0.0113819
74.35	0.011814
74.4	0.0122228
74.45	0.0126075
74.5	0.0129673
74.55	0.0133017
74.6	0.01361
74.65	0.0138917
74.7	0.0141463
74.75	0.0143732
74.8	0.0145722
74.85	0.0147428
74.9	0.0148848
74.95	0.0149979
75	0.0150819
75.05	0.0151368
75.1	0.0151625
75.15	0.0151589
75.2	0.0151261
75.25	0.0150642
75.3	0.0149734
75.35	0.0148539
75.4	0.0147058
75.45	0.0145297
75.5	0.0143258
75.55	0.0140945
75.6	0.0138364
75.65	0.013552
75.7	0.0132419
75.75	0.0129067
75.8	0.012547
75.85	0.0121636
75.9	0.0117573
75.95	0.0113289
76	0.0108792
76.05	0.0104092
76.1	0.00991969
76.15	0.00941173
76.2	0.00888631
76.25	0.00834446
76.3	0.00778724
76.35	0.00721575
76.4	0.0066311
76.45	0.00603445
76.5	0.00542694
76.55	0.00480978
76.6	0.00418415
76.65	0.00355128
76.7	0.0029124
76.75	0.00226873
76.8	0.00162153
76.85	0.000972055
76.9	0.000321548
76.95	-0.000328732
77	-0.000977534
77.05	-0.00162361
77.1	-0.00226572
77.15	-0.00290263
77.2	-0.00353312
77.25	-0.00415599
77.3	-0.00477005
77.35	-0.00537412
77.4	-0.00596705
77.45	-0.00654773
77.5	-0.00711503
77.55	-0.0076679
77.6	-0.00820528
77.65	-0.00872615
77.7	-0.00922955
77.75	-0.00971451
77.8	-0.0101801
77.85	-0.0106255
77.9	-0.0110499
77.95	-0.0114524
78	-0.0118324
78.05	-0.012189
78.1	-0.0125218
78.15	-0.0128299
78.2	-0.013113
78.25	-0.0133704
78.3	-0.0136017
78.35	-0.0138066
78.4	-0.0139845
78.45	-0.0141353
78.5	-0.0142587
78.55	-0.0143544
78.6	-0.0144224
78.65	-0.0144625
78.7	-0.0144746
78.75	-0.0144589
78.8	-0.0144153
78.85	-0.014344
78.9	-0.0142452
78.95	-0.014119
79	-0.0139658
79.05	-0.0137859
79.1	-0.0135796
79.15	-0.0133474
79.2	-0.0130899
79.25	-0.0128074
79.3	-0.0125006
79.35	-0.01217
79.4	-0.0118165
79.45	-0.0114406
79.5	-0.0110432
79.55	-0.010625
79.6	-0.0101868
79.65	-0.00972961
79.7	-0.0092542
79.75	-0.00876156
79.8	-0.00825265
79.85	-0.00772848
79.9	-0.00719007
79.95	-0.00663849
80	-0.0060748
80.05	-0.00550011
80.1	-0.00491554
80.15	-0.00432224
80.2	-0.00372134
80.25	-0.00311402
80.3	-0.00250146
80.35	-0.00188484
80.4	-0.00126536
80.45	-0.000644206
80.5	-2.25857e-05
80.55	0.000598306
80.6	0.00121727
80.65	0.00183313
80.7	0.00244469
80.75	0.00305078
80.8	0.00365024
80.85	0.00424192
80.9	0.0048247
80.95	0.00539747
81	0.00595912
81.05	0.0065086
81.1	0.00704486
81.15	0.00756689
81.2	0.00807369
81.25	0.00856431
81.3	0.00903782
81.35	0.00949334
81.4	0.00993001
81.45	0.010347
81.5	0.0107435
81.55	0.0111189
81.6	0.0114724
81.65	0.0118033
81.7	0.0121111
81.75	0.0123952
81.8	0.012655
81.85	0.0128901
81.9	0.0131002
81.95	0.0132847
82	0.0134434
82.05	0.0135759
82.1	0.0136822
82.15	0.013762
82.2	0.0138152
82.25	0.0138416
82.3	0.0138414
82.35	0.0138145
82.4	0.013761
82.45	0.0136811
82.5	0.0135749
82.55	0.0134427
82.6	0.0132847
82.65	0.0131013
82.7	0.0128929
82.75	0.0126599
82.8	0.0124028
82.85	0.0121221
82.9	0.0118184
82.95	0.0114923
83	0.0111444
83.05	0.0107755
83.1	0.0103862
83.15	0.00997745
83.2	0.00954993
83.25	0.00910451
83.3	0.00864209
83.35	0.00816357
83.4	0.00766989
83.45	0.00716203
83.5	0.00664097
83.55	0.00610774
83.6	0.00556338
83.65	0.00500895
83.7	0.00444553
83.75	0.00387422
83.8	0.00329612
83.85	0.00271237
83.9	0.00212408
83.95	0.0015324
84	0.000938472
84.05	0.000343443
84.1	-0.000251539
84.15	-0.00084533
84.2	-0.00143679
84.25	-0.00202477
84.3	-0.00260816
84.35	-0.00318582
84.4	-0.00375667
84.45	-0.00431959
84.5	-0.00487353
84.55	-0.00541742
84.6	-0.00595023
84.65	-0.00647095
84.7	-0.00697857
84.75	-0.00747216
84.8	-0.00795076
84.85	-0.00841347
84.9	-0.00885943
84.95	-0.00928779
85	-0.00969775
85.05	-0.0100885
85.1	-0.0104594
85.15	-0.0108097
85.2	-0.0111388
85.25	-0.011446
85.3	-0.0117308
85.35	-0.0119926
85.4	-0.0122311
85.45	-0.0124456
85.5	-0.012636
85.55	-0.0128018
85.6	-0.0129427
85.65	-0.0130585
85.7	-0.013149
85.75	-0.0132141
85.8	-0.0132536
85.85	-0.0132676
85.9	-0.0132559
85.95	-0.0132187
86	-0.0131561
86.05	-0.0130683
86.1	-0.0129553
86.15	-0.0128175
86.2	-0.0126552
86.25	-0.0124686
86.3	-0.0122583
86.35	-0.0120246
86.4	-0.011768
86.45	-0.011489
86.5	-0.0111881
86.55	-0.0108661
86.6	-0.0105235
86.65	-0.010161
86.7	-0.00977939
86.75	-0.00937934
86.8	-0.00896168
86.85	-0.00852723
86.9	-0.00807684
86.95	-0.00761141
87	-0.00713185
87.05	-0.0066391
87.1	-0.00613412
87.15	-0.0056179
87.2	-0.00509144
87.25	-0.00455578
87.3	-0.00401195
87.35	-0.00346102
87.4	-0.00290404
87.45	-0.00234211
87.5	-0.0017763
87.55	-0.00120772
87.6	-0.00063746
87.65	-6.66237e-05
87.7	0.00050369
87.75	0.00107238
87.8	0.00163836
87.85	0.00220054
87.9	0.00275783
87.95	0.00330918
88	0.00385352
88.05	0.00438982
88.1	0.00491705
88.15	0.00543421
88.2	0.00594031
88.25	0.00643438
88.3	0.0069155
88.35	0.00738275
88.4	0.00783524
88.45	0.00827212
88.5	0.00869256
88.55	0.00909578
88.6	0.00948101
88.65	0.00984754
88.7	0.0101947
88.75	0.0105218
88.8	0.0108282
88.85	0.0111135
88.9	0.011377
88.95	0.0116183
89	0.0118369
89.05	0.0120325
89.1	0.0122046
89.15	0.0123531
89.2	0.0124775
89.25	0.0125778
89.3	0.0126538
89.35	0.0127052
89.4	0.0127322
89.45	0.0127345
89.5	0.0127123
89.55	0.0126657
89.6	0.0125947
89.65	0.0124995
89.7	0.0123803
89.75	0.0122374
89.8	0.012071
89.85	0.0118816
89.9	0.0116695
89.95	0.0114352
90	0.011179
90.05	0.0109017
90.1	0.0106036
90.15	0.0102854
90.2	0.00994773
90.25	0.00959127
90.3	0.00921673
90.35	0.00882484
90.4	0.00841637
90.45	0.00799214
90.5	0.00755298
90.55	0.00709975
90.6	0.00663333
90.65	0.00615464
90.7	0.00566463
90.75	0.00516423
90.8	0.00465444
90.85	0.00413624
90.9	0.00361063
90.95	0.00307865
91	0.00254132
91.05	0.00199968
91.1	0.00145478
91.15	0.000907682
91.2	0.00035943
91.25	-0.000188913
91.3	-0.000736291
91.35	-0.00128165
91.4	-0.00182394
91.45	-0.00236213
91.5	-0.00289517
91.55	-0.00342205
91.6	-0.00394176
91.65	-0.00445331
91.7	-0.00495572
91.75	-0.00544803
91.8	-0.0059293
91.85	-0.00639862
91.9	-0.0068551
91.95	-0.00729787
92	-0.0077261
92.05	-0.00813897
92.1	-0.00853571
92.15	-0.00891557
92.2	-0.00927783
92.25	-0.00962182
92.3	-0.00994689
92.35	-0.0102524
92.4	-0.0105379
92.45	-0.0108028
92.5	-0.0110465
92.55	-0.0112687
92.6	-0.0114689
92.65	-0.0116468
92.7	-0.0118021
92.75	-0.0119345
92.8	-0.0120437
92.85	-0.0121296
92.9	-0.012192
92.95	-0.0122309
93	-0.0122461
93.05	-0.0122377
93.1	-0.0122058
93.15	-0.0121504
93.2	-0.0120716
93.25	-0.0119696
93.3	-0.0118447
93.35	-0.011697
93.4	-0.011527
93.45	-0.011335
93.5	-0.0111213
93.55	-0.0108864
93.6	-0.0106308
93.65	-0.010355
93.7	-0.0100595
93.75	-0.00974495
93.8	-0.00941194
93.85	-0.00906115
93.9	-0.00869327
93.95	-0.00830903
94	-0.00790918
94.05	-0.00749452
94.1	-0.00706586
94.15	-0.00662403
94.2	-0.00616991
94.25	-0.00570437
94.3	-0.00522834
94.35	-0.00474274
94.4	-0.00424851
94.45	-0.00374662
94.5	-0.00323803
94.55	-0.00272375
94.6	-0.00220476
94.65	-0.00168207
94.7	-0.00115669
94.75	-0.000629632
94.8	-0.00010192
94.85	0.000425432
94.9	0.000951407
94.95	0.001475
95	0.00199519
95.05	0.00251099
95.1	0.00302141
95.15	0.00352547
95.2	0.0040222
95.25	0.00451067
95.3	0.00498992
95.35	0.00545906
95.4	0.00591718
95.45	0.00636342
95.5	0.00679693
95.55	0.00721688
95.6	0.00762249
95.65	0.00801298
95.7	0.00838762
95.75	0.0087457
95.8	0.00908655
95.85	0.00940954
95.9	0.00971405
95.95	0.00999953
96	0.0102654
96.05	0.0105113
96.1	0.0107366
96.15	0.010941
96.2	0.0111241
96.25	0.0112856
96.3	0.0114252
96.35	0.0115426
96.4	0.0116376
96.45	0.0117101
96.5	0.0117599
96.55	0.0117871
96.6	0.0117915
96.65	0.0117731
96.7	0.0117321
96.75	0.0116685
96.8	0.0115825
96.85	0.0114743
96.9	0.0113441
96.95	0.0111921
97	0.0110187
97.05	0.0108243
97.1	0.0106092
97.15	0.0103739
97.2	0.0101188
97.25	0.0098445
97.3	0.00955149
97.35	0.00924038
97.4	0.00891178
97.45	0.00856635
97.5	0.00820475
97.55	0.00782772
97.6	0.00743598
97.65	0.00703031
97.7	0.00661151
97.75	0.0061804
97.8	0.00573782
97.85	0.00528463
97.9	0.00482172
97.95	0.00434998
98	0.00387035
98.05	0.00338375
98.1	0.00289112
98.15	0.00239342
98.2	0.00189161
98.25	0.00138667
98.3	0.000879575
98.35	0.000371298
98.4	-0.000137178
98.45	-0.000644874
98.5	-0.00115081
98.55	-0.00165402
98.6	-0.00215352
98.65	-0.00264837
98.7	-0.00313761
98.75	-0.00362032
98.8	-0.00409555
98.85	-0.00456241
98.9	-0.00502
98.95	-0.00546746
99	-0.00590393
99.05	-0.00632857
99.1	-0.0067406
99.15	-0.00713921
99.2	-0.00752366
99.25	-0.00789323
99.3	-0.00824721
99.35	-0.00858493
99.4	-0.00890577
99.45	-0.00920913
99.5	-0.00949443
99.55	-0.00976114
99.6	-0.0100088
99.65	-0.0102369
99.7	-0.010445
99.75	-0.0106328
99.8	-0.0107999
99.85	-0.0109461
99.9	-0.0110709
99.95	-0.0111744
100	-0.0112562
100.05	-0.0113162
100.1	-0.0113543
 Integral -260125
 u_lk size = 1
