0.05	0
0.1	0.01
0.15	0.0199205
0.2	0.0296826
0.25	0.0392088
0.3	0.0484232
0.35	0.0572527
0.4	0.0656271
0.45	0.0734798
0.5	0.0807485
0.55	0.0873753
0.6	0.0933077
0.65	0.0984986
0.7	0.102907
0.75	0.106497
0.8	0.109241
0.85	0.111118
0.9	0.112111
0.95	0.112215
1	0.111427
1.05	0.109754
1.1	0.107209
1.15	0.103814
1.2	0.0995944
1.25	0.0945846
1.3	0.0888244
1.35	0.0823597
1.4	0.075242
1.45	0.0675277
1.5	0.0592783
1.55	0.0505594
1.6	0.04144
1.65	0.0319927
1.7	0.0222923
1.75	0.0124156
1.8	0.00244074
1.85	-0.00755336
1.9	-0.0174879
1.95	-0.0272845
2	-0.0368662
2.05	-0.0461578
2.1	-0.0550866
2.15	-0.0635828
2.2	-0.0715805
2.25	-0.0790177
2.3	-0.0858372
2.35	-0.0919869
2.4	-0.0974202
2.45	-0.102096
2.5	-0.105981
2.55	-0.109046
2.6	-0.11127
2.65	-0.112639
2.7	-0.113145
2.75	-0.112788
2.8	-0.111574
2.85	-0.109515
2.9	-0.106633
2.95	-0.102952
3	-0.0985049
3.05	-0.0933299
3.1	-0.0874699
3.15	-0.080973
3.2	-0.0738915
3.25	-0.0662814
3.3	-0.0582019
3.35	-0.0497147
3.4	-0.0408834
3.45	-0.0317726
3.5	-0.0224475
3.55	-0.0129733
3.6	-0.00341416
3.65	0.00616708
3.7	0.0157096
3.75	0.0251553
3.8	0.0344488
3.85	0.0435385
3.9	0.0523766
3.95	0.0609192
4	0.0691268
4.05	0.0769645
4.1	0.0844018
4.15	0.0914124
4.2	0.0979748
4.25	0.104071
4.3	0.109689
4.35	0.114817
4.4	0.119451
4.45	0.123586
4.5	0.127224
4.55	0.130365
4.6	0.133016
4.65	0.135182
4.7	0.136872
4.75	0.138096
4.8	0.138864
4.85	0.139188
4.9	0.139081
4.95	0.138556
5	0.137626
5.05	0.136305
5.1	0.134607
5.15	0.132545
5.2	0.130135
5.25	0.12739
5.3	0.124324
5.35	0.120951
5.4	0.117286
5.45	0.113342
5.5	0.109133
5.55	0.104673
5.6	0.0999761
5.65	0.0950552
5.7	0.0899245
5.75	0.0845974
5.8	0.0790875
5.85	0.0734086
5.9	0.067574
5.95	0.0615974
6	0.0554924
6.05	0.0492724
6.1	0.042951
6.15	0.0365417
6.2	0.030058
6.25	0.0235135
6.3	0.0169216
6.35	0.0102957
6.4	0.00364917
6.45	-0.00300463
6.5	-0.00965246
6.55	-0.0162812
6.6	-0.0228777
6.65	-0.0294291
6.7	-0.0359226
6.75	-0.0423455
6.8	-0.0486854
6.85	-0.0549299
6.9	-0.0610671
6.95	-0.067085
7	-0.0729721
7.05	-0.0787169
7.1	-0.0843086
7.15	-0.0897363
7.2	-0.0949895
7.25	-0.100058
7.3	-0.104933
7.35	-0.109604
7.4	-0.114063
7.45	-0.1183
7.5	-0.122309
7.55	-0.126081
7.6	-0.129608
7.65	-0.132885
7.7	-0.135905
7.75	-0.138662
7.8	-0.141151
7.85	-0.143367
7.9	-0.145307
7.95	-0.146965
8	-0.14834
8.05	-0.149428
8.1	-0.150227
8.15	-0.150736
8.2	-0.150955
8.25	-0.150882
8.3	-0.150517
8.35	-0.149862
8.4	-0.148918
8.45	-0.147687
8.5	-0.14617
8.55	-0.144371
8.6	-0.142294
8.65	-0.139942
8.7	-0.13732
8.75	-0.134434
8.8	-0.131287
8.85	-0.127888
8.9	-0.124242
8.95	-0.120356
9	-0.116238
9.05	-0.111895
9.1	-0.107337
9.15	-0.102572
9.2	-0.0976086
9.25	-0.0924571
9.3	-0.0871273
9.35	-0.0816295
9.4	-0.0759741
9.45	-0.0701723
9.5	-0.064235
9.55	-0.0581739
9.6	-0.0520005
9.65	-0.0457268
9.7	-0.039365
9.75	-0.0329272
9.8	-0.0264259
9.85	-0.0198736
9.9	-0.013283
9.95	-0.00666673
10	-3.7631e-05
10.05	0.00659154
10.1	0.013208
10.15	0.019799
10.2	0.0263518
10.25	0.0328537
10.3	0.0392923
10.35	0.0456551
10.4	0.0519299
10.45	0.0581044
10.5	0.064167
10.55	0.0701057
10.6	0.0759092
10.65	0.0815663
10.7	0.0870661
10.75	0.0923979
10.8	0.0975515
10.85	0.102517
10.9	0.107285
10.95	0.111846
11	0.116191
11.05	0.120312
11.1	0.1242
11.15	0.12785
11.2	0.131252
11.25	0.134402
11.3	0.137292
11.35	0.139918
11.4	0.142274
11.45	0.144355
11.5	0.146158
11.55	0.147678
11.6	0.148915
11.65	0.149863
11.7	0.150523
11.75	0.150893
11.8	0.150971
11.85	0.150758
11.9	0.150255
11.95	0.149461
12	0.148379
12.05	0.147012
12.1	0.14536
12.15	0.143428
12.2	0.14122
12.25	0.138739
12.3	0.135991
12.35	0.13298
12.4	0.129713
12.45	0.126195
12.5	0.122434
12.55	0.118437
12.6	0.114212
12.65	0.109766
12.7	0.105109
12.75	0.100248
12.8	0.0951949
12.85	0.0899578
12.9	0.0845471
12.95	0.0789734
13	0.0732473
13.05	0.06738
13.1	0.0613827
13.15	0.055267
13.2	0.0490447
13.25	0.0427278
13.3	0.0363284
13.35	0.0298591
13.4	0.0233321
13.45	0.0167601
13.5	0.0101558
13.55	0.0035319
13.6	-0.00309881
13.65	-0.00972354
13.7	-0.0163295
13.75	-0.022904
13.8	-0.0294343
13.85	-0.0359078
13.9	-0.0423121
13.95	-0.0486348
14	-0.0548636
14.05	-0.0609866
14.1	-0.066992
14.15	-0.0728682
14.2	-0.0786038
14.25	-0.0841879
14.3	-0.0896095
14.35	-0.0948583
14.4	-0.0999241
14.45	-0.104797
14.5	-0.109468
14.55	-0.113928
14.6	-0.118168
14.65	-0.12218
14.7	-0.125957
14.75	-0.12949
14.8	-0.132774
14.85	-0.135802
14.9	-0.138568
14.95	-0.141066
15	-0.143292
15.05	-0.145242
15.1	-0.146912
15.15	-0.148299
15.2	-0.149399
15.25	-0.150212
15.3	-0.150734
15.35	-0.150966
15.4	-0.150907
15.45	-0.150556
15.5	-0.149915
15.55	-0.148985
15.6	-0.147768
15.65	-0.146266
15.7	-0.144481
15.75	-0.142418
15.8	-0.14008
15.85	-0.137472
15.9	-0.134599
15.95	-0.131466
16	-0.12808
16.05	-0.124446
16.1	-0.120573
16.15	-0.116467
16.2	-0.112136
16.25	-0.107589
16.3	-0.102835
16.35	-0.0978819
16.4	-0.0927403
16.45	-0.0874198
16.5	-0.0819307
16.55	-0.0762835
16.6	-0.0704892
16.65	-0.064559
16.7	-0.0585042
16.75	-0.0523366
16.8	-0.0460681
16.85	-0.0397107
16.9	-0.0332767
16.95	-0.0267785
17	-0.0202287
17.05	-0.0136398
17.1	-0.00702464
17.15	-0.000395926
17.2	0.00623355
17.25	0.012851
17.3	0.0194437
17.35	0.0259988
17.4	0.0325038
17.45	0.0389462
17.5	0.0453134
17.55	0.0515932
17.6	0.0577735
17.65	0.0638423
17.7	0.069788
17.75	0.0755991
17.8	0.0812644
17.85	0.086773
17.9	0.0921141
17.95	0.0972776
18	0.102254
18.05	0.107032
18.1	0.111604
18.15	0.115961
18.2	0.120095
18.25	0.123996
18.3	0.127659
18.35	0.131075
18.4	0.134238
18.45	0.137143
18.5	0.139783
18.55	0.142153
18.6	0.144249
18.65	0.146067
18.7	0.147604
18.75	0.148855
18.8	0.149819
18.85	0.150495
18.9	0.15088
18.95	0.150974
19	0.150777
19.05	0.150289
19.1	0.149511
19.15	0.148445
19.2	0.147093
19.25	0.145457
19.3	0.14354
19.35	0.141346
19.4	0.13888
19.45	0.136146
19.5	0.133149
19.55	0.129896
19.6	0.126392
19.65	0.122644
19.7	0.118659
19.75	0.114446
19.8	0.110012
19.85	0.105366
19.9	0.100516
19.95	0.095473
20	0.0902456
20.05	0.084844
 k size = 115
